%% Correltions for CUNEC model / environment parameters
% Zeroth

C_0 = [
    1.00   0.00   0.00  -0.06   0.30  -0.57  -0.81   0.52   0.75;  % Trajectory Building
    0.00   1.00   0.00   0.41   0.09  -0.45  -0.50   0.59   0.64;  % Building Height
    0.00   0.00   1.00   0.91  -0.63  -0.31  -0.15   0.88   0.79;  % Street Width
   -0.06   0.41   0.91   1.00  -0.84  -0.12   0.18   0.71   0.52;  % a
    0.30   0.09  -0.63  -0.84   1.00  -0.06  -0.37  -0.46  -0.24;  % Delta
   -0.57  -0.45  -0.31  -0.12  -0.06   1.00   0.00  -0.39   0.00;  % Std Dev S - AP
   -0.81  -0.50  -0.15   0.18  -0.37   0.00   1.00   0.00  -0.47;  % Std Dev S - UE
    0.52   0.59   0.88   0.71  -0.46  -0.39   0.00   1.00   0.00;  % d corr - AP
    0.75   0.64   0.79   0.52  -0.24   0.00  -0.47   0.00   1.00;  % d corr - UE
];

% First

%      Bldg     Hgt     a    Delta   Kappa   Offset  Std_S_AP  Std_S_UE  d_corr_AP  d_corr_UE
C_1 = [ 1.0     0.0   -0.5    0.2     0.6     0.2     -0.4     -0.1      0.2       0.1;    % Trajectory
        0.0     1.0   -0.5    0.4     0.1     0.1      0.0      0.1      0.1       0.1;    % Building Height
       -0.5    -0.5    1.0   -0.9    -0.3    -0.2      0.1      0.0     -0.1      -0.1;    % a
        0.2     0.4   -0.9    1.0    -0.1     0.1      0.2      0.1      0.1       0.1;    % Delta
        0.6     0.1   -0.3   -0.1     1.0     0.4      0.2     -0.4      0.2       0.3;    % Kappa
        0.2     0.1   -0.2    0.1     0.4     1.0     -0.3     -0.1      0.1       0.3;    % Offset
       -0.4     0.0    0.1    0.2     0.2    -0.3      1.0      0.0     -0.2       0.0;    % Std Dev S - AP
       -0.1     0.1    0.0    0.1    -0.4    -0.1      0.0      1.0      0.0       0.2;    % Std Dev S - UE
        0.2     0.1   -0.1    0.1     0.2     0.1     -0.2      0.0      1.0       0.0;    % d corr - AP
        0.1     0.1   -0.1    0.1     0.3     0.3      0.0      0.2      0.0       1.0];   % d corr - UE

% Second
% Define C_2 correlation matrix
%        TB      a     Std_AP Std_UE  d_AP  d_UE
C_2 = [ 1.0,   -0.7,    0.5,   0.5,   0.1,  -0.2;   % TB
       -0.7,    1.0,    0.1,  -0.4,  -0.3,   0.3;   % a
        0.5,    0.1,    1.0,   0.0,  -0.1,   0.0;   % Std_AP
        0.5,   -0.4,    0.0,   1.0,   0.0,  -0.1;   % Std_UE
        0.1,   -0.3,   -0.1,   0.0,   1.0,   0.0;   % d_AP
       -0.2,    0.3,    0.0,  -0.1,   0.0,   1.0];  % d_UE
